[-5.14860305e+00  1.19912865e+00  6.34432561e-18]
[2.85139695e+00 1.19912865e+00 6.34432561e-18]
[-5.14860305e+00 -8.71350000e-04  6.34432561e-18]
[ 2.85139695e+00 -8.71350000e-04  6.34432561e-18]
[-5.14860305e+00 -1.20087135e+00  6.34432561e-18]
[ 2.85139695e+00 -1.20087135e+00  6.34432561e-18]
[-5.14860305e+00 -2.40087135e+00  6.34432561e-18]
[ 2.85139695e+00 -2.40087135e+00  6.34432561e-18]
[-3.64860305e+00  2.29912865e+00  6.34432561e-18]
[-3.64860305e+00 -3.40087135e+00  6.34432561e-18]
[-1.14860305e+00  2.29912865e+00  6.34432561e-18]
[-1.14860305e+00 -3.40087135e+00  6.34432561e-18]
[1.35139695e+00 2.29912865e+00 6.34432561e-18]
[ 1.35139695e+00 -3.40087135e+00  6.34432561e-18]
[ 1.35139695e+00 -3.40087135e+00  6.34432561e-18]
[-3.99860305  0.84912865  0.        ]
[-3.64860305  0.34912865  0.        ]
[-3.29860305 -1.55087135  0.        ]
[-1.49860305  1.54912865  0.        ]
[-1.14860305 -1.55087135  0.        ]
[-0.79860305 -2.75087135  0.        ]
[ 1.00139695 -0.35087135  0.        ]
[ 1.35139695 -0.85087135  0.        ]
[ 1.70139695 -2.75087135  0.        ]
